{
 "cells": [
  {
   "cell_type": "markdown",
   "metadata": {},
   "source": [
    "# INFO8010: Homework 1\n",
    "In this first homework you will familiarize yourself with the basics of differentiable programming with PyTorch. At the end of this assignment you should be able to build and train your own multi-layer perceptron! Although this assignment is optional, we **strongly** advise you to do it. At the end of the course we expect that you will be comfortable with PyTorch, which you will in turn also use for your final project."
   ]
  },
  {
   "cell_type": "markdown",
   "metadata": {},
   "source": [
    "## 0. Prerequisite"
   ]
  },
  {
   "cell_type": "markdown",
   "metadata": {},
   "source": [
    "Before diving into the ***wonderful world of Deep Learning*** you need to install some libraries. \n",
    "If you are reading these instructions, it means that you already have the Jupyter-Notebook running, which is a good start since you will have to use it for both assignments. \n",
    "\n",
    "In order to successfully run all the cells, you will need some libraries installed on your machine. Together with this assignment you are also given a `.pdf` and a `.yml` file which will guide you through the installation process. Please read the instructions carefully before starting this homework.\n",
    "\n",
    "If you happen to not be familiar with Jupyter we refer you to this straightforward [tutorial](https://realpython.com/jupyter-notebook-introduction/) which should help you in getting started.\n",
    "\n",
    "You will notice that the assignemnt comes in different flavours: sometimes you will be provided with already running code, which comes with appropriate explanations. Other times you will have to write code yourself, when this is the case the cells of the notebook will be marked in red with the following instruction <span style=\"color:red; font-style: italic\">Your code comes below</span>. Sometimes, next to writing code yourself you will also have to motivate why you programmed certain things or guide us quickly through the results that you obtained. If this is required you will see the following green instruction: <span style=\"color:green; font-style:italic\">Your discussion comes below</span>. \n",
    "\n",
    "Please note that you will **not** have to handle in any sort of written report by the end of the assignment. We do however expect **the notebook** with the solutions to the exercises.\n",
    "\n",
    "Now that you have survived the boring part you are ready to start this first assignment!\n",
    "Our first step is very easy, we just start with importing some appropriate libraries."
   ]
  },
  {
   "cell_type": "code",
   "execution_count": 1,
   "metadata": {},
   "outputs": [],
   "source": [
    "import torch\n",
    "import numpy\n",
    "import matplotlib.pyplot as plt"
   ]
  },
  {
   "cell_type": "markdown",
   "metadata": {},
   "source": [
    "## 1. Tensors and basic operations"
   ]
  },
  {
   "cell_type": "markdown",
   "metadata": {},
   "source": [
    "Tensors are one of the main ingredients when it comes to modern Deep-Learning frameworks. Almost all deep learning computations can be expressed as tensor operations which make computation fast and efficient. We will now see how to manipulate tensors within the PyTorch library."
   ]
  },
  {
   "cell_type": "markdown",
   "metadata": {},
   "source": [
    "### 1.1 A guided tour"
   ]
  },
  {
   "cell_type": "markdown",
   "metadata": {},
   "source": [
    "**What is a tensor?** There are many valid answers but to keep it simple you can see them as multidimensional arrays. \n",
    "\n",
    "Wikipedia says: *'A tensor may be represented as a (potentially multidimensional) array. Just as a vector in an n-dimensional space is represented by a one-dimensional array with n components with respect to a given basis, any tensor with respect to a basis is represented by a multidimensional array.'*\n",
    "\n",
    "*In PyTorch, a tensor is an object from the class torch.Tensor (or torch.Tensor).*\n",
    "This class handles almost any operations you could like to perform on a tensor, see below."
   ]
  },
  {
   "cell_type": "markdown",
   "metadata": {},
   "source": [
    "There are many ways to create tensors, here below are two examples (for further information you can check the [library](https://pytorch.org/docs/stable/tensors.html#:~:text=To%20create%20a%20tensor%20with,ops%20(see%20Creation%20Ops) \\)."
   ]
  },
  {
   "cell_type": "code",
   "execution_count": 2,
   "metadata": {},
   "outputs": [],
   "source": [
    "# We can create a tensor from an array:\n",
    "t1 = torch.tensor([[1, 2], [7, 9]])\n",
    "# Or we can also create a 2x2 tensor filled with zeros:\n",
    "t2 = torch.zeros(2, 2)"
   ]
  },
  {
   "cell_type": "markdown",
   "metadata": {},
   "source": [
    "If you want to check how a tensor looks like you can easily print it:"
   ]
  },
  {
   "cell_type": "code",
   "execution_count": 3,
   "metadata": {},
   "outputs": [
    {
     "output_type": "stream",
     "name": "stdout",
     "text": [
      "tensor([[1, 2],\n        [7, 9]])\ntensor([[0., 0.],\n        [0., 0.]])\n"
     ]
    }
   ],
   "source": [
    "print(t1)\n",
    "print(t2)"
   ]
  },
  {
   "cell_type": "markdown",
   "metadata": {},
   "source": [
    "*As an array may contain different types of data (e.g: string, float, int, boolean), so can a tensor (although it is restricted to numerical types only).*\n",
    "\n",
    "Let's check what type of data is in t1 and t2:"
   ]
  },
  {
   "cell_type": "code",
   "execution_count": 4,
   "metadata": {},
   "outputs": [
    {
     "output_type": "stream",
     "name": "stdout",
     "text": [
      "torch.LongTensor torch.FloatTensor\n"
     ]
    }
   ],
   "source": [
    "print(t1.type(), t2.type())"
   ]
  },
  {
   "cell_type": "markdown",
   "metadata": {},
   "source": [
    "The type `LongTensor` is used to store integer values and `FloatTensor` for real values. You can also convert tensors from one type to another:"
   ]
  },
  {
   "cell_type": "code",
   "execution_count": 5,
   "metadata": {},
   "outputs": [
    {
     "output_type": "stream",
     "name": "stdout",
     "text": [
      "tensor([[1, 2],\n        [7, 9]]) torch.LongTensor tensor([[1., 2.],\n        [7., 9.]]) torch.FloatTensor\ntensor([[0., 0.],\n        [0., 0.]]) torch.FloatTensor tensor([[0, 0],\n        [0, 0]]) torch.LongTensor\n"
     ]
    }
   ],
   "source": [
    "t1_real = t1.float()\n",
    "print(t1, t1.type(), t1_real, t1_real.type())\n",
    "t2_int = t2.long()\n",
    "print(t2, t2.type(), t2_int, t2_int.type())"
   ]
  },
  {
   "cell_type": "markdown",
   "metadata": {},
   "source": [
    "*Another important property of a tensor is its shape, you can use the `.shape` property or `.size()` method to check the dimension of a tensor.* \n",
    "\n",
    "Both return a `torch.Size` object that can be manipulated with its own operations. Most of the time you will just use torch.Size objects as a list (e.g. to check the size of a tensor along one of its dimension)."
   ]
  },
  {
   "cell_type": "code",
   "execution_count": 6,
   "metadata": {},
   "outputs": [
    {
     "output_type": "stream",
     "name": "stdout",
     "text": [
      "torch.Size([2, 2]) torch.Size([2, 2])\n2\n"
     ]
    }
   ],
   "source": [
    "print(t1.shape, t1.size())\n",
    "# if we want to check for the length of the tensor along its first dimension:\n",
    "print(t1.shape[0])"
   ]
  },
  {
   "cell_type": "markdown",
   "metadata": {},
   "source": [
    "**1D (vectors) and 2D (matrices) tensors**\n",
    "\n",
    "Let us now familiarize ourselves with some simple tensor operations. If you are familiar with the numpy library this will look alike, similarly if you know about matlab this should also remind you of what you can do with this language. If none of the above, you might be reconsidering your life choices!"
   ]
  },
  {
   "cell_type": "code",
   "execution_count": 7,
   "metadata": {},
   "outputs": [
    {
     "output_type": "execute_result",
     "data": {
      "text/plain": [
       "(tensor([-25,  98, -93,  43,  84]), tensor([-58, -43,  41,  15,   6]))"
      ]
     },
     "metadata": {},
     "execution_count": 7
    }
   ],
   "source": [
    "# Let's create 2 1D tensors of 5 random integers:\n",
    "v1 = torch.randint(low=-100, high=100, size=[5])\n",
    "v2 = torch.randint(low=-100, high=100, size=[5])\n",
    "v1, v2"
   ]
  },
  {
   "cell_type": "markdown",
   "metadata": {},
   "source": [
    "Let's review some basic operations:"
   ]
  },
  {
   "cell_type": "code",
   "execution_count": 8,
   "metadata": {},
   "outputs": [
    {
     "output_type": "stream",
     "name": "stdout",
     "text": [
      "tensor([-83,  55, -52,  58,  90])\n"
     ]
    }
   ],
   "source": [
    "# addition\n",
    "v_sum = v1 + v2\n",
    "print(v_sum)"
   ]
  },
  {
   "cell_type": "markdown",
   "metadata": {},
   "source": [
    "Subtraction (-), element-wise multiplication (*) and element-wise division follow the same logic.\n",
    "\n",
    "<span style=\"color:red; font-style:italic\">Your code comes below</span>"
   ]
  },
  {
   "cell_type": "code",
   "execution_count": 9,
   "metadata": {},
   "outputs": [
    {
     "output_type": "stream",
     "name": "stdout",
     "text": [
      "tensor([ -33, -141,  134,  -28,  -78])\ntensor([ 1450, -4214, -3813,   645,   504])\ntensor([ 0.4310, -2.2791, -2.2683,  2.8667, 14.0000])\n"
     ]
    }
   ],
   "source": [
    "# Subtract v1 from v2\n",
    "v_sub = v2 - v1\n",
    "print(v_sub)\n",
    "\n",
    "# Multiply the elements of v1 and v2\n",
    "v_mul = v1 * v2\n",
    "print(v_mul)\n",
    "\n",
    "# Divide the elements of v1 by v2\n",
    "v_div = torch.true_divide(v1,v2)\n",
    "print(v_div)"
   ]
  },
  {
   "cell_type": "markdown",
   "metadata": {},
   "source": [
    "Sometimes you would like to extract a subvector from the tensor, we call this operation *slicing* and it is as simple as this: "
   ]
  },
  {
   "cell_type": "code",
   "execution_count": 10,
   "metadata": {},
   "outputs": [
    {
     "output_type": "stream",
     "name": "stdout",
     "text": [
      "tensor([-83,  55, -52])\n"
     ]
    }
   ],
   "source": [
    "# Slicing: extract sub-Tensor [from:to)\n",
    "print(v_sum[0:3])"
   ]
  },
  {
   "cell_type": "markdown",
   "metadata": {},
   "source": [
    "You may also extract specific elements:"
   ]
  },
  {
   "cell_type": "code",
   "execution_count": 11,
   "metadata": {},
   "outputs": [
    {
     "output_type": "stream",
     "name": "stdout",
     "text": [
      "tensor([-83,  58,  90])\n"
     ]
    }
   ],
   "source": [
    "# Retrieving first, fourth and fifth elements\n",
    "print(v_sum[[0, 3, 4]])"
   ]
  },
  {
   "cell_type": "markdown",
   "metadata": {},
   "source": [
    "Within deep learning, the fun really starts when the dimensionality of the tensors increases. So let's have a look at matrices.\n",
    "Let's create two of them, again there are many ways of instanciating matrices -> Google is your friend whenever you look for [one of them](https://letmegooglethat.com/?q=Instantiate+matrix+in+pytorch)."
   ]
  },
  {
   "cell_type": "code",
   "execution_count": 12,
   "metadata": {},
   "outputs": [
    {
     "output_type": "execute_result",
     "data": {
      "text/plain": [
       "(tensor([[ 0.1836, -0.3780, -0.0698, -0.1255, -0.6282, -0.5143,  2.4809,  2.1231,\n",
       "          -0.3426, -0.6110],\n",
       "         [-0.5496, -0.2087, -0.0707, -0.6983, -0.1347, -0.0085,  0.6973,  1.0360,\n",
       "          -0.5509,  0.5193],\n",
       "         [-0.8082, -0.0094,  0.0775,  2.6968,  0.9323,  0.6565, -0.2110,  0.6875,\n",
       "          -0.1461, -0.8034],\n",
       "         [-1.6358,  0.8908,  0.3505,  1.0535,  1.1326,  0.8762, -0.1212,  0.8368,\n",
       "          -2.1877, -0.1165],\n",
       "         [ 0.4443, -0.4350, -1.1935, -1.6491, -0.9199,  0.0243,  0.3168, -1.0287,\n",
       "           1.1939, -1.3371]]),\n",
       " tensor([[1., 0., 0., 0., 0., 0., 0., 0., 0., 0.],\n",
       "         [0., 1., 0., 0., 0., 0., 0., 0., 0., 0.],\n",
       "         [0., 0., 1., 0., 0., 0., 0., 0., 0., 0.],\n",
       "         [0., 0., 0., 1., 0., 0., 0., 0., 0., 0.],\n",
       "         [0., 0., 0., 0., 1., 0., 0., 0., 0., 0.],\n",
       "         [0., 0., 0., 0., 0., 1., 0., 0., 0., 0.],\n",
       "         [0., 0., 0., 0., 0., 0., 1., 0., 0., 0.],\n",
       "         [0., 0., 0., 0., 0., 0., 0., 1., 0., 0.],\n",
       "         [0., 0., 0., 0., 0., 0., 0., 0., 1., 0.],\n",
       "         [0., 0., 0., 0., 0., 0., 0., 0., 0., 1.]]))"
      ]
     },
     "metadata": {},
     "execution_count": 12
    }
   ],
   "source": [
    "# The first matrix will be a 5x 10 matrix full of normally distributed random values:\n",
    "m1 = torch.randn(5, 10)\n",
    "\n",
    "# The second is the 10x10 identity matrix:\n",
    "m2 = torch.eye(10)\n",
    "\n",
    "m1, m2"
   ]
  },
  {
   "cell_type": "markdown",
   "metadata": {},
   "source": [
    "**Slicing**\n",
    "\n",
    "Slicing in matrices (or any tensors) can be performed thanks to `:`, negative numbers count from the end. Feel free to play with this operator and to vizualize the results in order to be sure to understand what is slicing."
   ]
  },
  {
   "cell_type": "code",
   "execution_count": 13,
   "metadata": {},
   "outputs": [
    {
     "output_type": "execute_result",
     "data": {
      "text/plain": [
       "tensor([[-0.0698, -0.1255, -0.6282, -0.5143,  2.4809,  2.1231, -0.3426],\n",
       "        [-0.0707, -0.6983, -0.1347, -0.0085,  0.6973,  1.0360, -0.5509],\n",
       "        [ 0.0775,  2.6968,  0.9323,  0.6565, -0.2110,  0.6875, -0.1461],\n",
       "        [ 0.3505,  1.0535,  1.1326,  0.8762, -0.1212,  0.8368, -2.1877]])"
      ]
     },
     "metadata": {},
     "execution_count": 13
    }
   ],
   "source": [
    "m1[:4, 2:-1]"
   ]
  },
  {
   "cell_type": "markdown",
   "metadata": {},
   "source": [
    "**Squeeze and Unsqueeze**\n",
    "\n",
    "Squeezing removes one dimension from the vector, on the opposite unsqueeze add a dimension."
   ]
  },
  {
   "cell_type": "code",
   "execution_count": 14,
   "metadata": {},
   "outputs": [
    {
     "output_type": "stream",
     "name": "stdout",
     "text": [
      "Before unsqueeze:  torch.Size([5, 10])\nAfter unsqueeze:  torch.Size([1, 5, 10])\nAfter squeeze:  torch.Size([5, 10])\n"
     ]
    }
   ],
   "source": [
    "print('Before unsqueeze: ', m1.shape)\n",
    "m1 = m1.unsqueeze(0)\n",
    "print('After unsqueeze: ', m1.shape)\n",
    "m1 = m1.squeeze(0)\n",
    "print('After squeeze: ', m1.shape)"
   ]
  },
  {
   "cell_type": "markdown",
   "metadata": {},
   "source": [
    "**Expand**\n",
    "\n",
    "Expand will reproduce the tensor along the expanded dimensions, see the [docs](https://pytorch.org/docs/stable/tensors.html#torch.Tensor.expand).\n",
    "For example if we want to create a 4x6 matrix where each column is a vector of integer that goes from 1 to 6 we could do the following:"
   ]
  },
  {
   "cell_type": "code",
   "execution_count": 15,
   "metadata": {},
   "outputs": [
    {
     "output_type": "execute_result",
     "data": {
      "text/plain": [
       "tensor([[1, 1, 1, 1],\n",
       "        [2, 2, 2, 2],\n",
       "        [3, 3, 3, 3],\n",
       "        [4, 4, 4, 4],\n",
       "        [5, 5, 5, 5],\n",
       "        [6, 6, 6, 6]])"
      ]
     },
     "metadata": {},
     "execution_count": 15
    }
   ],
   "source": [
    "v = torch.arange(1, 7)\n",
    "m_v = v.unsqueeze(1).expand(-1, 4)\n",
    "m_v"
   ]
  },
  {
   "cell_type": "markdown",
   "metadata": {},
   "source": [
    "**View**\n",
    "\n",
    "Sometimes a tensor has not the right shape, for example when you manipulated images you sometimes need to process them as vectors. The `.view` operator will create a view that has the new shape, by *view* we mean that nothing has changed in memory but the tensor can now be manipulated as it had this new shape.\n",
    "\n",
    "Let us imagine that we have 10 256x256 RGB images that we would like to manipulated as vectors."
   ]
  },
  {
   "cell_type": "code",
   "execution_count": 16,
   "metadata": {},
   "outputs": [
    {
     "output_type": "stream",
     "name": "stdout",
     "text": [
      "torch.Size([10, 3, 256, 256]) torch.Size([10, 196608])\n"
     ]
    }
   ],
   "source": [
    "images = torch.randn(10, 3, 256, 256)\n",
    "images_as_vectors = images.view(10, -1)\n",
    "print(images.shape, images_as_vectors.shape)"
   ]
  },
  {
   "cell_type": "markdown",
   "metadata": {},
   "source": [
    "Both variables model the same values though:"
   ]
  },
  {
   "cell_type": "code",
   "execution_count": 17,
   "metadata": {},
   "outputs": [
    {
     "output_type": "stream",
     "name": "stdout",
     "text": [
      "tensor(0.)\n"
     ]
    }
   ],
   "source": [
    "print(torch.norm(images - images_as_vectors.view(10, 3, 256, 256)))"
   ]
  },
  {
   "cell_type": "markdown",
   "metadata": {},
   "source": [
    "We see below that if we change the values inside one of the view it will modify the tensor (which is common to both views)"
   ]
  },
  {
   "cell_type": "code",
   "execution_count": 18,
   "metadata": {},
   "outputs": [
    {
     "output_type": "stream",
     "name": "stdout",
     "text": [
      "tensor(0.)\n"
     ]
    }
   ],
   "source": [
    "images_as_vectors[0, :] = torch.zeros_like(images_as_vectors[0, :])\n",
    "print(torch.norm(images - images_as_vectors.view(10, 3, 256, 256)))"
   ]
  },
  {
   "cell_type": "markdown",
   "metadata": {},
   "source": [
    "**Permute**\n",
    "\n",
    "The permute operation can be used to permuted between dimensions. For example you can transpose a matrix as follows:"
   ]
  },
  {
   "cell_type": "code",
   "execution_count": 19,
   "metadata": {},
   "outputs": [
    {
     "output_type": "execute_result",
     "data": {
      "text/plain": [
       "(tensor([[ 0.1836, -0.5496, -0.8082, -1.6358,  0.4443],\n",
       "         [-0.3780, -0.2087, -0.0094,  0.8908, -0.4350],\n",
       "         [-0.0698, -0.0707,  0.0775,  0.3505, -1.1935],\n",
       "         [-0.1255, -0.6983,  2.6968,  1.0535, -1.6491],\n",
       "         [-0.6282, -0.1347,  0.9323,  1.1326, -0.9199],\n",
       "         [-0.5143, -0.0085,  0.6565,  0.8762,  0.0243],\n",
       "         [ 2.4809,  0.6973, -0.2110, -0.1212,  0.3168],\n",
       "         [ 2.1231,  1.0360,  0.6875,  0.8368, -1.0287],\n",
       "         [-0.3426, -0.5509, -0.1461, -2.1877,  1.1939],\n",
       "         [-0.6110,  0.5193, -0.8034, -0.1165, -1.3371]]),\n",
       " tensor([[ 0.1836, -0.3780, -0.0698, -0.1255, -0.6282, -0.5143,  2.4809,  2.1231,\n",
       "          -0.3426, -0.6110],\n",
       "         [-0.5496, -0.2087, -0.0707, -0.6983, -0.1347, -0.0085,  0.6973,  1.0360,\n",
       "          -0.5509,  0.5193],\n",
       "         [-0.8082, -0.0094,  0.0775,  2.6968,  0.9323,  0.6565, -0.2110,  0.6875,\n",
       "          -0.1461, -0.8034],\n",
       "         [-1.6358,  0.8908,  0.3505,  1.0535,  1.1326,  0.8762, -0.1212,  0.8368,\n",
       "          -2.1877, -0.1165],\n",
       "         [ 0.4443, -0.4350, -1.1935, -1.6491, -0.9199,  0.0243,  0.3168, -1.0287,\n",
       "           1.1939, -1.3371]]))"
      ]
     },
     "metadata": {},
     "execution_count": 19
    }
   ],
   "source": [
    "m1.permute(1, 0), m1"
   ]
  },
  {
   "cell_type": "markdown",
   "metadata": {},
   "source": [
    "**Matrix multiplication**"
   ]
  },
  {
   "cell_type": "markdown",
   "metadata": {},
   "source": [
    "The `@` operator can be used to do matrix multiplication."
   ]
  },
  {
   "cell_type": "code",
   "execution_count": 20,
   "metadata": {},
   "outputs": [
    {
     "output_type": "execute_result",
     "data": {
      "text/plain": [
       "tensor([[ 0.1836, -0.3780, -0.0698, -0.1255, -0.6282, -0.5143,  2.4809,  2.1231,\n",
       "         -0.3426, -0.6110],\n",
       "        [-0.5496, -0.2087, -0.0707, -0.6983, -0.1347, -0.0085,  0.6973,  1.0360,\n",
       "         -0.5509,  0.5193],\n",
       "        [-0.8082, -0.0094,  0.0775,  2.6968,  0.9323,  0.6565, -0.2110,  0.6875,\n",
       "         -0.1461, -0.8034],\n",
       "        [-1.6358,  0.8908,  0.3505,  1.0535,  1.1326,  0.8762, -0.1212,  0.8368,\n",
       "         -2.1877, -0.1165],\n",
       "        [ 0.4443, -0.4350, -1.1935, -1.6491, -0.9199,  0.0243,  0.3168, -1.0287,\n",
       "          1.1939, -1.3371]])"
      ]
     },
     "metadata": {},
     "execution_count": 20
    }
   ],
   "source": [
    "m1 @ m2"
   ]
  },
  {
   "cell_type": "markdown",
   "metadata": {},
   "source": [
    "**Other predefined primitives**\n",
    "\n",
    "Tensors in PyTorch already implements many useful methods such as `.mean()`, `.std()`, `.sum()` and many others. These functions may take many different arguments however you will often see the word `axis` in the docs. This word explicits on which dimension of the tensor the method must work. As an example we can create a $5 \\times 10$ matrix of normally distributed random values and compute the mean value, the mean of each row or of each column."
   ]
  },
  {
   "cell_type": "code",
   "execution_count": 21,
   "metadata": {},
   "outputs": [
    {
     "output_type": "execute_result",
     "data": {
      "text/plain": [
       "tensor([[ 0.3866,  0.4851,  1.0967,  1.1990,  0.3656,  0.7986,  0.5084,  0.5404,\n",
       "         -0.4699,  0.9591],\n",
       "        [-1.6331,  0.5100,  0.1414, -1.6195,  0.3592, -1.0826, -0.2729, -1.6501,\n",
       "          1.7455, -1.0703],\n",
       "        [ 0.5541, -0.4085,  0.2439, -1.3508,  0.2285,  0.3988,  1.0561,  0.4905,\n",
       "         -1.7930,  1.1893],\n",
       "        [-1.7869,  0.2008, -0.3002,  1.1686, -0.7817, -1.0720, -1.0987,  1.5455,\n",
       "          2.5204,  1.8659],\n",
       "        [ 0.0052,  0.0931, -0.4332, -2.8199,  0.1908,  0.2092, -0.7130,  0.0052,\n",
       "         -1.5861, -1.0675]])"
      ]
     },
     "metadata": {},
     "execution_count": 21
    }
   ],
   "source": [
    "m_g = torch.randn(5, 10)\n",
    "m_g"
   ]
  },
  {
   "cell_type": "code",
   "execution_count": 22,
   "metadata": {},
   "outputs": [
    {
     "output_type": "execute_result",
     "data": {
      "text/plain": [
       "tensor([-0.4948,  0.1761,  0.1497, -0.6845,  0.0725, -0.1496, -0.1040,  0.1863,\n",
       "         0.0834,  0.3753])"
      ]
     },
     "metadata": {},
     "execution_count": 22
    }
   ],
   "source": [
    "m_g.mean(0) # Computes the mean value along the axis 0, it is to say the mean of each column."
   ]
  },
  {
   "cell_type": "code",
   "execution_count": 23,
   "metadata": {},
   "outputs": [
    {
     "output_type": "execute_result",
     "data": {
      "text/plain": [
       "tensor([ 0.5870, -0.4572,  0.0609,  0.2262, -0.6116])"
      ]
     },
     "metadata": {},
     "execution_count": 23
    }
   ],
   "source": [
    "m_g.mean(1) # Computes the mean value along the axis 1, it is to say the mean of each row."
   ]
  },
  {
   "cell_type": "code",
   "execution_count": 27,
   "metadata": {},
   "outputs": [
    {
     "output_type": "execute_result",
     "data": {
      "text/plain": [
       "tensor(-0.0390)"
      ]
     },
     "metadata": {},
     "execution_count": 27
    }
   ],
   "source": [
    "m_g.mean() # Computes the global mean value."
   ]
  },
  {
   "cell_type": "markdown",
   "metadata": {},
   "source": [
    "### 1.3 You practice!"
   ]
  },
  {
   "cell_type": "markdown",
   "metadata": {},
   "source": [
    "Create a tensor with $10^{5}$ i.i.d. normally (mean 5 and standard deviation 2) distributed values.\n",
    "\n",
    "<span style=\"color:red; font-style:italic\">Your code comes below</span>"
   ]
  },
  {
   "cell_type": "code",
   "execution_count": 28,
   "metadata": {},
   "outputs": [],
   "source": [
    "mean = 5\n",
    "std = 2\n",
    "size = 100000\n",
    "r = torch.randn(size)\n",
    "r = std*r + mean"
   ]
  },
  {
   "cell_type": "markdown",
   "metadata": {},
   "source": [
    "Compute the mean value of the tensor with a loop:"
   ]
  },
  {
   "cell_type": "code",
   "execution_count": 29,
   "metadata": {
    "tags": []
   },
   "outputs": [
    {
     "output_type": "stream",
     "name": "stdout",
     "text": [
      "377 ms ± 34.3 ms per loop (mean ± std. dev. of 7 runs, 1 loop each)\n"
     ]
    }
   ],
   "source": [
    "%%timeit\n",
    "mean = 0\n",
    "for i in range(size):\n",
    "    mean += r[i]\n",
    "mean = mean / size"
   ]
  },
  {
   "cell_type": "code",
   "execution_count": 30,
   "metadata": {},
   "outputs": [
    {
     "output_type": "stream",
     "name": "stdout",
     "text": [
      "5\n"
     ]
    }
   ],
   "source": [
    "print(mean)"
   ]
  },
  {
   "cell_type": "markdown",
   "metadata": {},
   "source": [
    "Compute the mean and the standard deviation with the correct PyTorch operators:"
   ]
  },
  {
   "cell_type": "code",
   "execution_count": 31,
   "metadata": {},
   "outputs": [
    {
     "output_type": "stream",
     "name": "stdout",
     "text": [
      "29.3 µs ± 1.93 µs per loop (mean ± std. dev. of 7 runs, 10000 loops each)\n"
     ]
    }
   ],
   "source": [
    "%%timeit\n",
    "mean = r.mean()"
   ]
  },
  {
   "cell_type": "code",
   "execution_count": 32,
   "metadata": {},
   "outputs": [
    {
     "output_type": "execute_result",
     "data": {
      "text/plain": [
       "5"
      ]
     },
     "metadata": {},
     "execution_count": 32
    }
   ],
   "source": [
    "mean"
   ]
  },
  {
   "cell_type": "markdown",
   "metadata": {},
   "source": [
    "To get even more familiar with tensor manipulations trace the curve defined by this set of equations\n",
    "\n",
    "\n",
    "$t \\in [0, 2\\pi[$\n",
    "\n",
    "$x = 16 \\sin(t)^3$\n",
    "\n",
    "$y = 13 \\cos(t) - 5 \\cos(2t) - 2 \\cos(3t) - \\cos(4t)$\n",
    "\n",
    "For plotting purposes you can use the matplotlib library and the math library for the values of $\\pi$."
   ]
  },
  {
   "cell_type": "code",
   "execution_count": 33,
   "metadata": {},
   "outputs": [],
   "source": [
    "from math import pi as pi \n",
    "\n",
    "t = torch.linspace(0, 2*pi, steps=100)\n",
    "x = 16 * torch.pow(torch.sin(t),3)\n",
    "y = 13 * torch.cos(t) - 5 * torch.cos(2*t) - 2 * torch.cos(3*t) - torch.cos(4*t)\n"
   ]
  },
  {
   "cell_type": "code",
   "execution_count": 34,
   "metadata": {},
   "outputs": [
    {
     "output_type": "display_data",
     "data": {
      "text/plain": "<Figure size 432x288 with 1 Axes>",
